Lake	Code	TIME	Depth	Trans	Shore	pH	DO	Temp	SpeciesRichness	Abundance	Area	LogArea
Noh-Bec	NB1	08:20	170	140	40	7.99	5.34	27.7	2	11	9722476	6.98777688
Noh-Bec	NB2	08:33	150	150	30	7.92	4.91	29.2	4	16	9722476	6.98777688
Noh-Bec	NB3	10:06	210	130	30	8.04	5.46	29.6	4	29	9722476	6.98777688
Noh-Bec	NB4	10:17	170	160	30	7.88	4.98	29.9	4	4	9722476	6.98777688
Noh-Bec	NB5	12:00	120	100	30	7.98	4.93	30.9	5	14	9722476	6.98777688
Noh-Bec	NB6	12:07	170	140	10	7.93	4.67	31.5	2	28	9722476	6.98777688
Noh-Bec	NB7	13:55	125	100	5	8	4.76	31.5	6	40	9722476	6.98777688
Noh-Bec	NB8	14:06	140	110	10	7.9	4.48	31.1	2	3	9722476	6.98777688
Noh-Bec	NB9	11:23	140	110	30	7.77	2.91	30.8	2	3	9722476	6.98777688
Noh-Bec	NB10	11:33	145	110	30	7.75	2.48	30.8	1	12	9722476	6.98777688
Noh-Bec	NB11	12:39	110	80	90	7.75	3.65	31.9	3	3	9722476	6.98777688
Noh-Bec	NB12	12:47	120	90	60	7.68	3.67	32.5	3	16	9722476	6.98777688
Noh-Bec	NB13	13:48	175	130	45	7.58	3.27	32.3	2	2	9722476	6.98777688
Noh-Bec	NB14	13:55	170	110	30	7.68	3.82	32.3	4	13	9722476	6.98777688
Noh-Bec	NB15	15:06	145	110	10	7.76	3.84	32.3	5	15	9722476	6.98777688
Noh-Bec	NB16	15:22	170	130	10	7.73	3.76	32.2	2	5	9722476	6.98777688
Petcacab	PC1	11:18	180	120	40	7.76	4.59	29.9	5	33	3192165	6.504085332
Petcacab	PC2	11:27	140	110	72	7.46	4.3	30	5	24	3192165	6.504085332
Petcacab	PC3	12:40	125	100	58	7.72	4.92	30.8	4	11	3192165	6.504085332
Petcacab	PC4	12:51	115	90	32	7.66	5.06	32.2	6	62	3192165	6.504085332
Petcacab	PC5	15:56	130	90	20	7.89	5.63	32.7	4	46	3192165	6.504085332
Petcacab	PC6	16:06	130	100	13	7.77	5.56	32.6	5	23	3192165	6.504085332
Petcacab	PC7	17:08	120	80	20	7.86	5.27	32.4	3	68	3192165	6.504085332
Petcacab	PC8	17:15	300	70	30	7.76	5.53	30.6	5	21	3192165	6.504085332
Petcacab	PC9	11:40	300	90	80	7.43	4.28	30.2	1	12	3192165	6.504085332
Petcacab	PC10	11:45	125	90	30	6.7	4.08	31.3	4	12	3192165	6.504085332
Petcacab	PC11	12:53	110	70	10	7.25	4.24	31.4	2	4	3192165	6.504085332
Petcacab	PC12	13:00	145	70	29	7.32	3.96	30.7	3	37	3192165	6.504085332
Petcacab	PC13	13:54	150	110	41	7.74	4.29	30.9	1	12	3192165	6.504085332
Petcacab	PC14	14:02	150	110	30	7.45	4	30.7	2	2	3192165	6.504085332
Petcacab	PC15	14:38	150	100	29	7.45	4.36	30.5	3	14	3192165	6.504085332
Petcacab	PC16	14:45	200	100	58	6.94	4	30.4	2	2	3192165	6.504085332
Santa Teresita	ST1	11:16	400	115	16	7.3	3.8	31.3	3	16	1699604	6.230347745
Santa Teresita	ST2	11:21	250	110	5	7.4	3.76	31.4	2	7	1699604	6.230347745
Santa Teresita	ST3	12:18	150	100	5	7.48	4.05	31.7	2	13	1699604	6.230347745
Santa Teresita	ST4	12:25	300	110	45	7.5	4.41	31.8	3	36	1699604	6.230347745
Santa Teresita	ST5	13:30	180	110	40	7.45	4.3	33.4	2	50	1699604	6.230347745
Santa Teresita	ST6	13:33	175	100	5	7.46	4.31	32.2	2	4	1699604	6.230347745
Santa Teresita	ST7	14:40	130	70	30	7.56	4.2	32.9	3	3	1699604	6.230347745
Santa Teresita	ST8	14:45	150	85	56	7.58	4.18	31.5	3	3	1699604	6.230347745
Santa Teresita	ST9	09:40	145	120	25	7.5	3.92	30.6	1	2	1699604	6.230347745
Santa Teresita	ST10	09:48	250	110	60	7.55	3.9	30.8	2	6	1699604	6.230347745
Santa Teresita	ST11	10:35	150	90	25	7.6	4.11	31.5	1	1	1699604	6.230347745
Santa Teresita	ST12	10:40	200	110	70	7.64	4.21	30.9	3	10	1699604	6.230347745
Santa Teresita	ST13	11:35	200	100	20	7.52	4.03	31.9	4	16	1699604	6.230347745
Santa Teresita	ST14	11:40	150	90	25	7.62	3.97	31.9	3	6	1699604	6.230347745
Santa Teresita	ST15	12:40	200	90	43	7.5	4.38	32.8	2	6	1699604	6.230347745
Santa Teresita	ST16	12:46	100	80	63	7.52	3.94	31.9	1	5	1699604	6.230347745
San Felipe	SF1	11:53	200	70	70	7.87	5.33	31.3	4	33	17250353	7.236797987
San Felipe	SF2	12:00	150	130	7	7.22	3.15	32.4	2	3	17250353	7.236797987
San Felipe	SF3	13:17	200	70	137	7.9	5.08	32.3	4	25	17250353	7.236797987
San Felipe	SF4	13:22	150	70	49	7.96	5.32	32.7	3	23	17250353	7.236797987
San Felipe	SF5	15:30	150	70	20	7.5	5.32	32.6	4	23	17250353	7.236797987
San Felipe	SF6	15:36	100	70	40	7.85	5	32.8	4	15	17250353	7.236797987
San Felipe	SF7	16:57	150	80	10	7.86	5.33	32.3	3	4	17250353	7.236797987
San Felipe	SF8	17:08	100	80	24	7.83	5.27	32	4	6	17250353	7.236797987
San Felipe	SF9	10:58	150	80	15	7.98	5.28	30.8	4	13	17250353	7.236797987
San Felipe	SF10	11:04	150	70	20	7.96	5.09	31.4	6	28	17250353	7.236797987
San Felipe	SF11	12:20	220	100	10	8.02	5.29	31.6	4	27	17250353	7.236797987
San Felipe	SF12	12:30	150	70	5	7.99	5.33	32	4	20	17250353	7.236797987
San Felipe	SF13	13:55	200	90	10	7.82	5.35	32.2	5	11	17250353	7.236797987
San Felipe	SF14	14:05	230	80	40	7.78	5.23	32	3	9	17250353	7.236797987
San Felipe	SF15	15:10	230	100	10	7.8	5.21	32.1	4	14	17250353	7.236797987
San Felipe	SF16	15:25	170	90	5	7.78	5.32	32.3	6	16	17250353	7.236797987
Caobas	CA1	15:21	95	30	10	8	7.09	32.6	6	88	129340	5.111732857
Caobas	CA2	15:37	150	40	10	8.11	7.26	32.9	3	17	129340	5.111732857
Caobas	CA3	16:24	158	50	20	8.1	6.81	33.5	5	16	129340	5.111732857
Caobas	CA4	16:42	120	70	25	8.07	6.96	33.3	6	39	129340	5.111732857
Caobas	CA5	17:50	180	70	5	8.1	6.34	33.6	2	4	129340	5.111732857
Caobas	CA6	19:05	230	120	30	8.16	6.1	33.4	7	21	129340	5.111732857
Caobas	CA7	19:20	250	120	15	8.24	6.14	32.8	6	52	129340	5.111732857
Caobas	CA8	19:30	210	80	5	8.23	5.95	33	5	50	129340	5.111732857
Caobas	CA9	08:35	240	100	30	8.14	5.23	33.9	6	15	129340	5.111732857
Caobas	CA10	08:42	200	120	10	8.9	5.178	30.3	5	12	129340	5.111732857
Caobas	CA11	09:49	230	130	30	8.16	5.76	30.4	4	11	129340	5.111732857
Caobas	CA12	10:05	250	130	20	8.12	5.58	30.5	5	13	129340	5.111732857
Caobas	CA13	11:05	250	130	10	7.96	4.95	31.2	4	44	129340	5.111732857
Caobas	CA14	11:25	250	160	40	7.97	4.81	31.1	2	23	129340	5.111732857
Caobas	CA15	12:35	250	120	20	7.99	5.056	31.5	0	0	129340	5.111732857
Caobas	CA16	13:13	220	110	20	8	5	31.8	6	40	129340	5.111732857
Chacambacab	CH1	10:12	230	100	30	8	5.28	30.1	5	53	353105	5.547903867
Chacambacab	CH2	10:24	250	100	15	7.95	5.34	30.2	1	2	353105	5.547903867
Chacambacab	CH3	11:23	240	120	15	8.12	5.65	31	4	15	353105	5.547903867
Chacambacab	CH4	12:35	250	130	25	8.06	5.79	30.4	5	26	353105	5.547903867
Chacambacab	CH5	12:45	250	100	25	8.26	6.14	31.3	3	5	353105	5.547903867
Chacambacab	CH6	13:55	250	100	42	8.25	6.51	31.5	4	14	353105	5.547903867
Chacambacab	CH7	14:10	800	110	40	8.39	6.27	32.5	0	0	353105	5.547903867
Chacambacab	CH8	14:20	800	100	20	8.39	6.37	32.3	0	0	353105	5.547903867
Chacambacab	CH9	08:58	250	170	15	7.98	4.71	29.2	3	75	353105	5.547903867
Chacambacab	CH10	09:07	250	190	45	7.77	4.97	30	4	25	353105	5.547903867
Chacambacab	CH11	10:18	250	150	25	7.73	5.1	30.2	3	37	353105	5.547903867
Chacambacab	CH12	10:23	250	160	53	7.74	5.16	30.1	3	9	353105	5.547903867
Chacambacab	CH13	11:48	250	150	7	7.95	6.2	31.6	5	38	353105	5.547903867
Chacambacab	CH14	11:57	210	140	20	7.98	5.34	31.5	7	49	353105	5.547903867
Chacambacab	CH15	13:20	220	150	20	8.01	4.49	31.8	3	10	353105	5.547903867
Chacambacab	CH16	13:29	230	160	20	8.17	4.89	31.7	3	11	353105	5.547903867