Code	Lake	Lat	Long	Depth	Trans	Shore	pH	DO	Temp	Area	Subs	Oreo
NB1	Noh-Bec	19.1	88.2	170	140	40	7.99	5.34	27.7	9722476	2	A
NB2	Noh-Bec	19.1	88.2	150	150	42.93	7.92	4.91	29.2	9722476	2	A
NB3	Noh-Bec	19.1	88.2	210	130	22	8.04	5.46	29.6	9722476	2	A
NB4	Noh-Bec	19.1	88.2	170	160	15	7.88	4.98	29.9	9722476	2	A
NB5	Noh-Bec	19.1	88.2	120	100	8	7.98	4.93	30.9	9722476	2	A
NB6	Noh-Bec	19.1	88.2	170	140	8	7.93	4.67	31.5	9722476	2	A
NB7	Noh-Bec	19.1	88.2	125	100	5	8	4.76	31.5	9722476	2	A
NB8	Noh-Bec	19.1	88.2	140	110	15	7.9	4.48	31.1	9722476	2	A
NB9	Noh-Bec	19.1	88.2	140	110	30	7.77	2.91	30.8	9722476	2	A
NB10	Noh-Bec	19.1	88.2	145	110	5	7.75	2.48	30.8	9722476	2	A
NB11	Noh-Bec	19.1	88.2	110	80	75	7.75	3.65	31.9	9722476	2	A
NB12	Noh-Bec	19.1	88.2	120	90	100	7.68	3.67	32.5	9722476	2	A
NB13	Noh-Bec	19.1	88.2	175	130	60	7.58	3.27	32.3	9722476	2	A
NB14	Noh-Bec	19.1	88.2	170	110	47	7.68	3.82	32.3	9722476	2	A
NB15	Noh-Bec	19.1	88.2	145	110	22	7.76	3.84	32.3	9722476	2	A
NB16	Noh-Bec	19.1	88.2	170	130	7	7.73	3.76	32.2	9722476	2	A
PC1	Petcacab	19.3	88.3	180	120	46	7.76	4.59	29.9	3192165	1	P
PC2	Petcacab	19.3	88.3	140	110	25	7.46	4.3	30	3192165	1	P
PC3	Petcacab	19.3	88.3	125	100	65	7.72	4.92	30.8	3192165	1	P
PC4	Petcacab	19.3	88.3	115	90	34	7.66	5.06	32.2	3192165	1	P
PC5	Petcacab	19.3	88.3	130	90	16	7.89	5.63	32.7	3192165	1	P
PC6	Petcacab	19.3	88.3	130	100	17	7.77	5.56	32.6	3192165	1	P
PC7	Petcacab	19.3	88.3	120	80	2	7.86	5.27	32.4	3192165	1	P
PC8	Petcacab	19.3	88.3	300	70	40	7.76	5.53	30.6	3192165	1	P
PC9	Petcacab	19.3	88.3	300	90	90	7.43	4.28	30.2	3192165	1	P
PC10	Petcacab	19.3	88.3	125	90	42	6.7	4.08	31.3	3192165	1	P
PC11	Petcacab	19.3	88.3	110	70	10	7.25	4.24	31.4	3192165	1	P
PC12	Petcacab	19.3	88.3	145	70	34	7.32	3.96	30.7	3192165	1	P
PC13	Petcacab	19.3	88.3	150	110	41	7.74	4.29	30.9	3192165	1	P
PC14	Petcacab	19.3	88.3	150	110	40	7.45	4	30.7	3192165	1	P
PC15	Petcacab	19.3	88.3	150	100	40	7.45	4.36	30.5	3192165	1	P
PC16	Petcacab	19.3	88.3	200	100	58	6.94	4	30.4	3192165	1	P
ST1	Santa Teresita	18.8	88.3	400	115	16	7.3	3.8	31.3	1699604	2	P
ST2	Santa Teresita	18.8	88.3	250	110	5	7.4	3.76	31.4	1699604	2	P
ST3	Santa Teresita	18.8	88.3	150	100	5	7.48	4.05	31.7	1699604	2	P
ST4	Santa Teresita	18.8	88.3	300	110	21.84	7.5	4.41	31.8	1699604	2	P
ST5	Santa Teresita	18.8	88.3	180	110	3	7.45	4.3	33.4	1699604	2	P
ST6	Santa Teresita	18.8	88.3	175	100	1	7.46	4.31	32.2	1699604	2	P
ST7	Santa Teresita	18.8	88.3	130	70	7.56	7.56	4.2	32.9	1699604	2	P
ST8	Santa Teresita	18.8	88.3	150	85	80	7.58	4.18	31.5	1699604	2	P
ST9	Santa Teresita	18.8	88.3	145	120	32.75	7.5	3.92	30.6	1699604	2	P
ST10	Santa Teresita	18.8	88.3	250	110	68	7.55	3.9	30.8	1699604	2	P
ST11	Santa Teresita	18.8	88.3	150	90	15	7.6	4.11	31.5	1699604	2	P
ST12	Santa Teresita	18.8	88.3	200	110	86	7.64	4.21	30.9	1699604	2	P
ST13	Santa Teresita	18.8	88.3	200	100	14.21	7.52	4.03	31.9	1699604	2	P
ST14	Santa Teresita	18.8	88.3	150	90	9	7.62	3.97	31.9	1699604	2	P
ST15	Santa Teresita	18.8	88.3	200	90	35	7.5	4.38	32.8	1699604	2	P
ST16	Santa Teresita	18.8	88.3	100	80	57	7.52	3.94	31.9	1699604	2	P
SF1	San Felipe	18.8	88.4	200	70	135	7.87	5.33	31.3	17250353	1	P
SF2	San Felipe	18.8	88.4	150	130	10	7.22	3.15	32.4	17250353	1	P
SF3	San Felipe	18.8	88.4	200	70	130	7.9	5.08	32.3	17250353	1	P
SF4	San Felipe	18.8	88.4	150	70	65	7.96	5.32	32.7	17250353	1	P
SF5	San Felipe	18.8	88.4	150	70	66	7.5	5.32	32.6	17250353	1	P
SF6	San Felipe	18.8	88.4	100	70	57	7.85	5	32.8	17250353	1	P
SF7	San Felipe	18.8	88.4	150	80	22	7.86	5.33	32.3	17250353	1	P
SF8	San Felipe	18.8	88.4	100	80	20	7.83	5.27	32	17250353	1	P
SF9	San Felipe	18.8	88.4	150	80	23	7.98	5.28	30.8	17250353	1	P
SF10	San Felipe	18.8	88.4	150	70	25	7.96	5.09	31.4	17250353	1	P
SF11	San Felipe	18.8	88.4	220	100	5	8.02	5.29	31.6	17250353	1	P
SF12	San Felipe	18.8	88.4	150	70	5	7.99	5.33	32	17250353	1	P
SF13	San Felipe	18.8	88.4	200	90	7	7.82	5.35	32.2	17250353	1	P
SF14	San Felipe	18.8	88.4	230	80	18	7.78	5.23	32	17250353	1	P
SF15	San Felipe	18.8	88.4	230	100	10	7.8	5.21	32.1	17250353	1	P
SF16	San Felipe	18.8	88.4	170	90	5	7.78	5.32	32.3	17250353	1	P
CA1	Caobas	18.4	89.1	95	30	26.83	8	7.09	32.6	129340	3	A
CA2	Caobas	18.4	89.1	150	40	32.91	8.11	7.26	32.9	129340	3	A
CA3	Caobas	18.4	89.1	158	50	81.85	8.1	6.81	33.5	129340	3	A
CA4	Caobas	18.4	89.1	120	70	34.7	8.07	6.96	33.3	129340	3	A
CA5	Caobas	18.4	89.1	180	70	8.19	8.1	6.34	33.6	129340	3	A
CA6	Caobas	18.4	89.1	230	120	29.31	8.16	6.1	33.4	129340	3	A
CA7	Caobas	18.4	89.1	250	120	33.29	8.24	6.14	32.8	129340	3	A
CA8	Caobas	18.4	89.1	210	80	14.03	8.23	5.95	33	129340	3	A
CA9	Caobas	18.4	89.1	240	100	34.81	8.14	5.23	32.9	129340	3	A
CA10	Caobas	18.4	89.1	200	120	20.33	8.09	5.178	30.3	129340	3	A
CA11	Caobas	18.4	89.1	230	130	43.4	8.16	5.76	30.4	129340	3	A
CA12	Caobas	18.4	89.1	250	130	42.22	8.12	5.58	30.5	129340	3	A
CA13	Caobas	18.4	89.1	250	130	16.44	7.96	4.95	31.2	129340	3	A
CA14	Caobas	18.4	89.1	250	160	17.4	7.97	4.81	31.1	129340	3	A
CA16	Caobas	18.4	89.1	220	110	20.46	8	5	31.8	129340	3	A
CH1	Chacambacab	18.5	89.1	230	100	16	8	5.28	30.1	353105	3	A
CH2	Chacambacab	18.5	89.1	250	100	29	7.95	5.34	30.2	353105	3	A
CH3	Chacambacab	18.5	89.1	240	120	5	8.12	5.65	31	353105	3	A
CH4	Chacambacab	18.5	89.1	250	130	34	8.06	5.79	30.4	353105	3	A
CH5	Chacambacab	18.5	89.1	250	100	28	8.26	6.14	31.3	353105	3	A
CH6	Chacambacab	18.5	89.1	250	100	55	8.25	6.51	31.5	353105	3	A
CH9	Chacambacab	18.5	89.1	250	170	12	7.98	4.71	29.2	353105	3	A
CH10	Chacambacab	18.5	89.1	250	190	45	7.77	4.97	30	353105	3	A
CH11	Chacambacab	18.5	89.1	250	150	18	7.73	5.1	30.2	353105	3	A
CH12	Chacambacab	18.5	89.1	250	160	55	7.74	5.16	30.1	353105	3	A
CH13	Chacambacab	18.5	89.1	250	150	12	7.95	6.2	31.6	353105	3	A
CH14	Chacambacab	18.5	89.1	210	140	12	7.98	5.34	31.5	353105	3	A
CH15	Chacambacab	18.5	89.1	220	150	20	8.01	4.49	31.8	353105	3	A
CH16	Chacambacab	18.5	89.1	230	160	20	8.17	4.89	31.7	353105	3	A
